Simulacion C9
1
Cut
0.555057338
0.684344602
0.685339758
0.966607389
0.954784372
0.612812062
0.898380723
0.643460413
0.870878138
0.903231431
0.923373459
0.830471177
1.101260202
0.860409939
1.003229846
0.702175594
0.674161394
0.860403517
1.032888849
0.978928627
0.635514565
0.655630947
0.714883398
0.85970088
0.581504225
0.796528977
1.046168951
1.010385159
1.02099664
0.878798498
0.605776554
0.990727513
0.943292838
0.772284817
0.819778325
1.424474827
1.140333528
0.640595672
0.937630842
0.880461289
0.793236887
0.760598189
0.737824034
1.045539862
0.780597836
0.997196411
0.946296808
0.864249999
0.925424876
0.784973693
0.7187052
0.790655618
0.985019506
0.87644753
0.81495129
0.607326512
0.781679402
1.072969617
0.866389804
0.769078639
0.70859086
0.929201471
0.647055373
1.191992145
1.39700989
0.794572858
0.655917443
0.761079641
1.094008159
0.945209158
0.628779427
0.906195076
0.795170829
0.979847906
0.699098735
0.701129876
1.061063052
0.919120538
0.720396339
1.028820682
0.930979964
0.970110039
1.031636748
0.858500191
1.051491465
0.807768
0.585058829
0.772143565
0.926504251
1.013814387
0.805384994
0.893938549
0.806082299
0.969046924
0.936711945
0.541086053
0.834112362
0.622982235
1.041553637
0.895803225
1.080319548
1.074338394
0.911455164
0.745868351
0.876275939
0.776674544
0.864096672
1.10934607
1.037523261
0.594216987
0.925172028
1.179744297
0.709088301
0.745466606
0.899899501
0.748584305
0.918401626
1.001430231
0.776454259
0.896990239
0.667826977
0.747105108
1.059582419
0.637011679
0.827980264
1.031658959
0.745077598
0.949202876
0.851163577
1.16366502
0.993858589
0.809410823
0.881367444
1.047483323
0.856426081
0.96260814
0.772644253
0.544654453
0.886518861
0.99008746
0.754112601
0.794435713
0.95510264
1.085619211
0.87208674
1.272765699
1.14076632
0.882404544
0.54853176
0.636791958
0.877663221
1.139858672
0.907668474
1.003600394
0.818927238
0.694020945
0.856949348
1.039385352
0.819489288
0.924137997
0.731271466
0.698787177
0.806853666
0.846311156
0.892452545
0.886298459
0.851001013
1.083145421
0.881498528
0.940357922
1.03411748
1.076911834
0.902191284
0.948561644
1.106061395
0.551302983
0.812787504
0.779039737
0.765507644
1.017582125
0.665074782
0.736116173
0.732211327
0.822305383
0.621517915
1.198842696
0.832572451
0.712793341
1.029719968
0.951642517
1.045100272
0.843710263
0.58420538
0.825639111
0.833466155
1.484964651
0.786118214
1.047311235
0.720157471
0.943976293
