samples
6
DHID
X
Y
Z
Cut
SG
154	288562.5737	599030.776	408.22	0.1375	2.64
154	288560.8844	599031.222	408.22	0.538	2.64
1	288437.1254	599370.391	404.85	2.53143	2.64
1	288439.0319	599370.992	404.85	1.2026	2.64
1	288444.6375	599373.115	404.85	2.3059	2.64
1	288446.477	599373.901	404.85	1.253	2.64
1	288448.3192	599374.679	404.85	0.53405	2.64
1	288450.1208	599375.544	404.85	0.99923	2.64
1	288451.911	599376.435	404.85	1.95799	2.64
1	288453.7476	599377.226	404.85	2.01956	2.64
1	288455.6108	599377.953	404.85	0.07205	2.64
2	288434.4741	599374.596	404.899	2.14762	2.64
2	288436.3393	599375.315	404.899	1.73549	2.64
2	288438.1695	599376.122	404.899	1.85547	2.64
2	288439.9745	599376.976	404.899	1.54407	2.64
2	288441.809	599377.757	404.899	1.49179	2.64
2	288443.671	599378.472	404.899	1.39455	2.64
2	288445.5627	599379.075	404.899	1.38393	2.64
2	288447.4316	599379.739	404.899	0.08514	2.64
2	288449.3011	599380.418	404.899	1.30389	2.64
2	288451.1828	599381.076	404.899	1.23791	2.64
3	288462.4892	599348.717	404.986	1.42272	2.64
3	288460.6379	599347.962	404.986	1.41348	2.64
3	288458.7743	599347.235	404.986	0.02984	2.64
3	288456.946	599346.427	404.986	0.0341	2.64
3	288455.1796	599345.493	404.986	1.2541	2.64
3	288453.3922	599344.602	404.986	2.97581	2.64
3	288451.5322	599343.865	404.986	1.87996	2.64
3	288449.634	599343.238	404.986	0.55865	2.64
3	288447.7011	599342.723	404.986	1.325	2.64
4	288393.9618	599375.44	439.139	1.154182	2.64
4	288391.9648	599375.341	439.139	0.153304	2.64
5	288461.8953	599341.874	404.808	0.35716	2.64
5	288459.9969	599341.261	404.808	0.25582	2.64
5	288456.2908	599339.77	404.808	0.18395	2.64
5	288454.3507	599339.291	404.808	2.18502	2.64
5	288452.4941	599338.592	404.808	1.38	2.64
5	288450.7674	599337.574	404.808	1.70884	2.64
5	288449.2097	599336.333	404.808	1.65497	2.64
5	288447.8691	599334.847	404.808	1.32	2.64
6	288395.5875	599361.911	438.018	0.261582	2.64
6	288393.5995	599361.693	438.018	0.5605725	2.64
7	288367.8059	599385.651	488.181	0.7858725	2.64
7	288365.8225	599385.906	488.181	0.6704945	2.64
8	288397.527	599350.86	438.018	0.1970385	2.64
8	288395.5393	599350.64	438.018	1.305691	2.64
9	288397.7661	599346.181	438.018	2.0941405	2.64
9	288395.7747	599345.996	438.018	1.51785	2.64
10	288366.6903	599378.457	489.1	0.731054	2.64
11	288399.1226	599338.384	439.028	1.912178	2.64
11	288397.1638	599337.999	439.028	1.57447	2.64
12	288370.3997	599361.567	439.92	0.67701	2.64
12	288372.1532	599362.524	439.92	1.1234195	2.64
12	288373.898	599363.496	439.92	1.95654	2.64
12	288375.7644	599364.191	439.92	0.67387	2.64
12	288377.6641	599364.815	439.92	1.91911	2.64
12	288379.522	599365.554	439.92	1.36283	2.64
12	288381.3352	599366.389	439.92	1.47907	2.64
12	288383.1856	599367.125	439.92	1.21034	2.64
12	288385.1271	599367.611	439.92	0.368026	2.64
13	288368.6828	599366.818	439.608	0.66322	2.64
13	288370.6155	599367.33	439.608	2.01365	2.64
13	288372.5253	599367.925	439.608	1.40758	2.64
13	288374.4295	599368.537	439.608	0.87058	2.64
13	288376.3287	599369.163	439.608	1.39439	2.64
13	288378.2247	599369.8	439.608	0.29567	2.64
13	288380.099	599370.494	439.608	0.21348	2.64
13	288381.9282	599371.3	439.608	1.27983	2.64
13	288383.7903	599372.018	439.608	1.21007	2.64
14	288365.616	599380.278	439.508	0.045	2.64
14	288367.1688	599381.509	439.508	0.067	2.64
14	288370.9007	599382.888	439.508	0.357	2.64
14	288372.729	599383.702	439.508	0.833	2.64
14	288374.5931	599384.425	439.508	0.917	2.64
14	288376.5035	599385.012	439.508	0.49	2.64
14	288378.4336	599385.538	439.508	0.191	2.64
14	288380.323	599386.187	439.508	0.065	2.64
14	288382.1497	599387	439.508	0.418	2.64
14	288384.0036	599387.733	439.508	0.027	2.64
14	288385.5646	599388.046	439.508	0.167	2.64
15	288365.089	599387.785	439.575	0.031	2.64
15	288370.6893	599390.03	439.575	0.479	2.64
15	288372.5349	599390.8	439.575	0.787	2.64
15	288374.4113	599391.491	439.575	0.275	2.64
15	288376.3114	599392.115	439.575	0.277	2.64
15	288378.2259	599392.693	439.575	0.277	2.64
15	288380.1098	599393.357	439.575	0.012	2.64
16	288399.536	599327.764	438.018	1.560152	2.64
16	288401.0855	599327.805	438.018	1.73427	2.64
17	288506.1472	599140.18	407.084	0.026	2.64
17	288509.6979	599141.354	407.084	0.03	2.64
18	288399.3197	599317.687	438.018	2.942655	2.64
18	288401.3104	599317.878	438.018	2.5589965	2.64
19	288372.7375	599346.909	439.569	0.51111	2.64
19	288382.0854	599350.428	439.569	1.34657	2.64
19	288383.9585	599351.127	439.569	2.10788	2.64
19	288385.8433	599351.791	439.569	2.63901	2.64
19	288387.6872	599352.547	439.569	2.54392	2.64
19	288389.3634	599353.629	439.569	2.29375	2.64
20	288377.1185	599359.935	472.595	0.5545105	2.64
20	288379.1125	599360.09	472.595	1.36	2.64
20	288380.6576	599360.213	472.595	1.18	2.64
21	288375.2237	599342.472	439.985	1.51653	2.64
21	288377.1398	599343.042	439.985	1.73306	2.64
21	288379.0007	599343.766	439.985	1.84711	2.64
21	288386.5397	599346.415	439.985	0.05602	2.64
21	288388.4441	599347.025	439.985	0.05644	2.64
21	288390.3627	599347.588	439.985	2.77092	2.64
22	288399.7105	599314.394	438.018	2.617235	2.64
22	288401.7036	599314.559	438.018	2.439156	2.64
22	288403.1982	599314.686	438.018	1.24	2.64
23	288377.6083	599356.678	472.595	1.780642	2.64
23	288379.6049	599356.785	472.595	1.22	2.64
23	288381.1005	599356.899	472.595	2.73109	2.64
24	288474.2222	599182.234	406.623	0.014	2.64
25	288365.365	599337.23	492.84	0.51998	2.64
26	288476.5369	599176.984	406.694	0.714	2.64
27	288478.2324	599177.13	406.694	0.5046	2.64
28	288476.0668	599182.892	406.623	0.243	2.64
29	288407.2931	599274.659	438.018	1.27	2.64
29	288409.2721	599274.948	438.018	2.370409	2.64
30	288382.2231	599346.112	472.807	2.421926	2.64
30	288380.2296	599345.956	472.807	2.3486735	2.64
31	288398.6926	599360.285	439.661	0.75768	2.64
31	288400.4616	599359.397	439.661	0.01137	2.64
31	288402.4128	599359.238	439.661	0.25434	2.64
31	288404.3938	599359.638	439.661	1.20409	2.64
31	288406.3307	599360.143	439.661	0.26401	2.64
31	288408.2593	599360.674	439.661	0.16686	2.64
31	288410.1845	599361.215	439.661	0.14649	2.64
31	288412.0924	599361.814	439.661	0.20684	2.64
31	288413.9886	599362.45	439.661	0.18531	2.64
32	288400.1639	599351.064	439.712	1.75709	2.64
32	288401.8823	599352.086	439.712	1.65456	2.64
32	288403.658	599352.998	439.712	2.29469	2.64
32	288405.4691	599353.848	439.712	1.90822	2.64
32	288407.2757	599354.703	439.712	1.28	2.64
32	288409.1553	599355.374	439.712	1.66087	2.64
32	288411.0928	599355.877	439.712	2.76994	2.64
32	288413.0298	599356.376	439.712	0.73148	2.64
32	288414.9617	599356.893	439.712	0.01685	2.64
33	288394.5101	599296.466	440.153	1.427	2.64
33	288396.4231	599297.046	440.153	1.584	2.64
33	288398.3104	599297.697	440.153	2.405	2.64
34	288392.6173	599301.271	440.885	1.694	2.64
34	288394.4411	599302.083	440.885	2.5125	2.64
34	288396.2318	599302.95	440.885	1.37305	2.64
34	288397.6217	599303.835	440.885	1.635	2.64
35	288403.9607	599331.364	439.847	1.896	2.64
35	288405.7442	599332.267	439.847	1.28	2.64
35	288407.5597	599333.108	439.847	1.597	2.64
35	288411.2431	599334.663	439.847	1.7	2.64
36	288402.4014	599337.102	439.821	1.833	2.64
36	288404.3031	599337.718	439.821	0.4511	2.64
36	288406.2019	599338.343	439.821	0.02465	2.64
36	288408.1069	599338.952	439.821	1.248	2.64
37	288407.4851	599307.295	439.973	1.635	2.64
37	288409.4159	599307.742	439.973	2.726	2.64
37	288411.2862	599308.494	439.973	1.856	2.64
37	288413.1934	599309.09	439.973	1.242	2.64
37	288415.1372	599309.562	439.973	1.328	2.64
37	288417.1092	599309.868	439.973	1.915	2.64
37	288419.1043	599309.859	439.973	1.371	2.64
38	288408.3694	599301.274	440.01	2.493	2.64
38	288410.2536	599301.936	440.01	1.63	2.64
38	288412.1741	599302.499	440.01	1.722	2.64
38	288414.0245	599303.246	440.01	1.953	2.64
38	288415.8199	599304.131	440.01	1.347	2.64
38	288417.6339	599304.972	440.01	1.33	2.64
38	288419.478	599305.746	440.01	1.239	2.64
39	288492.6731	599182.989	406.556	2.116	2.64
41	288485.1852	599191.905	406.448	0.047	2.64
41	288485.9938	599190.075	406.448	1.957	2.64
41	288487.2062	599188.641	406.448	1.585	2.64
42	288383.5051	599324.204	440.072	1.884	2.64
42	288385.3834	599324.89	440.072	2.3815	2.64
42	288387.2125	599325.69	440.072	2.337	2.64
42	288389.0568	599326.438	440.072	2.57575	2.64
42	288390.9776	599326.989	440.072	2.30875	2.64
42	288392.9364	599327.358	440.072	2.477	2.64
43	288382.0551	599329.118	440.094	2.0285	2.64
43	288383.8971	599329.897	440.094	2.238	2.64
43	288385.7521	599330.642	440.094	2.4135	2.64
43	288387.5672	599331.469	440.094	2.0385	2.64
43	288389.3611	599332.347	440.094	1.228	2.64
43	288391.1875	599333.143	440.094	0.995	2.64
43	288392.4585	599334.027	440.094	0.102	2.64
44	288382.3275	599322.346	473.03	1.225	2.64
45	288532.1844	599079.904	407.168	0.263	2.64
45	288534.0386	599080.648	407.168	1.32	2.64
46	288530.543	599085.979	407.613	0.227	2.64
46	288532.4652	599086.527	407.613	0.023	2.64
46	288538.1296	599088.479	407.613	1.005	2.64
46	288539.9579	599089.289	407.613	0.671	2.64
47	288400.2446	599272.493	440.384	1.87575	2.64
47	288402.1921	599272.948	440.384	2.04322	2.64
48	288399.2464	599267.311	440.77	2.19609	2.64
48	288401.1378	599267.961	440.77	1.28	2.64
48	288403.0494	599268.548	440.77	2.77704	2.64
48	288404.9703	599269.105	440.77	1.28	2.64
49	288372.8136	599305.736	495.316	0.9692615	2.64
49	288370.8265	599305.511	495.316	1.581626	2.64
49	288369.2383	599305.316	495.316	0.64696	2.64
50	288421.0872	599235.652	438.018	0.184	2.64
51	288385.0742	599308.915	473.096	2.2424	2.64
52	288379.2198	599329.057	472.694	2.515	2.64
52	288377.7006	599327.771	472.694	1.506	2.64
52	288375.9106	599326.928	472.694	0.211	2.64
52	288373.9697	599326.403	472.694	0.705	2.64
52	288372.0567	599325.822	472.694	1.238	2.64
53	288378.6912	599322.234	472.912	2.831	2.64
53	288376.7856	599321.638	472.912	0.568	2.64
53	288374.837	599321.174	472.912	0.017	2.64
53	288373.3336	599320.797	472.912	0.3402	2.64
54	288388.9182	599298.291	473.163	2.67505	2.64
54	288386.9297	599298.079	473.163	2.457	2.64
54	288385.4355	599297.95	473.163	2.202	2.64
55	288505.6846	599109.691	407.452	0.588	2.64
55	288507.6639	599109.537	407.452	2.552	2.64
55	288509.5787	599109.994	407.452	0.102	2.64
55	288511.4329	599110.778	407.452	0.037	2.64
55	288513.319	599111.442	407.452	1.28	2.64
55	288515.2221	599112.055	407.452	1.28	2.64
55	288517.0853	599112.774	407.452	0.088	2.64
56	288376.1164	599278.187	497.236	0.4668	2.64
56	288374.1273	599277.98	497.236	0.6512	2.64
57	288510.8334	599104.332	407.626	0.817	2.64
57	288512.7086	599105.025	407.626	1.324	2.64
57	288514.5721	599105.746	407.626	1.32	2.64
57	288516.455	599106.408	407.626	1.32	2.64
57	288518.3328	599107.087	407.626	1.456	2.64
58	288392.2652	599272.232	473.512	0.578	2.64
58	288390.2769	599272.016	473.512	0.6611	2.64
59	288377.71	599262.677	498.084	1.19415	2.64
59	288375.7244	599262.44	498.084	1.2688	2.64
60	288401.2279	599250.865	440.575	1.309	2.64
60	288403.1158	599251.525	440.575	2.35225	2.64
60	288405.0163	599252.147	440.575	2.99755	2.64
60	288406.9133	599252.779	440.575	2.73635	2.64
60	288408.767	599253.524	440.575	2.57285	2.64
61	288401.4092	599246.181	440.591	0.761	2.64
61	288403.2416	599246.981	440.591	2.542	2.64
61	288405.1049	599247.708	440.591	2.465	2.64
61	288406.9788	599248.407	440.591	1.28	2.64
61	288408.8745	599249.035	440.591	1.986	2.64
61	288410.8268	599249.44	440.591	2.657	2.64
61	288412.8014	599249.74	440.591	0.757	2.64
62	288376.4827	599273.346	497.966	0.24496	2.64
62	288374.491	599273.166	497.966	0.267096	2.64
63	288432.415	599253.388	405.636	0.225	2.64
64	288434.5362	599248.799	406.688	0.093	2.64
65	288380.8942	599251.267	498.845	0.8858205	2.64
65	288378.9731	599250.712	498.845	2.1995975	2.64
65	288377.4472	599250.231	498.845	1.28	2.64
66	288407.1042	599226.432	473.676	1.22315	2.64
66	288405.2047	599225.806	473.676	1.95845	2.64
67	288504.7607	599145.596	407.063	0.81	2.64
67	288506.6383	599146.285	407.063	0.164	2.64
68	288420.3787	599230.808	440.757	0.276	2.64
68	288418.4089	599230.489	440.757	0.809	2.64
68	288416.4885	599229.922	440.757	1.342	2.64
68	288414.6107	599229.232	440.757	1.0188	2.64
68	288412.7544	599228.488	440.757	0.3415	2.64
68	288410.8917	599227.76	440.757	0.5393	2.64
68	288409.0606	599226.962	440.757	0.5766	2.64
68	288407.5177	599226.251	440.757	0.711	2.64
69	288417.8871	599236.266	440.736	1.397	2.64
69	288415.9915	599235.632	440.736	1.86	2.64
69	288414.1237	599234.929	440.736	2.999	2.64
69	288412.276	599234.169	440.736	1.396	2.64
69	288410.3541	599233.635	440.736	1.156	2.64
69	288408.4042	599233.202	440.736	0.802	2.64
69	288406.4351	599232.927	440.736	1.543	2.64
69	288404.462	599232.648	440.736	1.927	2.64
70	288412.4423	599213.284	473.676	1.3217	2.64
70	288410.5821	599212.55	473.676	1.5944	2.64
70	288409.0911	599211.969	473.676	1.618	2.64
71	288456.6178	599147.483	441.434	0.075685	2.64
72	288391.3562	599212.989	499.213	2.254	2.64
72	288389.4681	599212.33	499.213	1.7463	2.64
73	288449.5505	599177.767	441.583	0.027	2.64
74	288454.4522	599164.348	441.835	0.04	2.64
75	288456.3608	599158.257	441.717	0.983	2.64
76	288460.7319	599137.929	441.434	0.2004	2.64
76	288458.8314	599137.307	441.434	0.65765	2.64
77	288423.8436	599206.296	441.289	0.554	2.64
77	288425.7293	599206.965	441.289	0.7678	2.64
77	288427.4183	599207.937	441.289	0.7319	2.64
77	288428.439	599209.012	441.289	1.303	2.64
78	288427.0111	599201.288	441.573	0.872	2.64
78	288428.9754	599201.585	441.573	0.37435	2.64
78	288430.4345	599201.92	441.573	0.559	2.64
79	288391.9555	599189.112	499.645	1.179	2.64
79	288390.1522	599188.26	499.645	1.103	2.64
79	288388.3697	599187.355	499.645	0.903	2.64
79	288386.4759	599186.724	499.645	0.892	2.64
80	288390.6419	599195.167	499.664	1.377	2.64
80	288388.9781	599194.073	499.664	0.95	2.64
80	288387.1836	599193.173	499.664	0.697	2.64
80	288385.416	599192.237	499.664	1.098	2.64
81	288381.4701	599227.332	499.171	0.428	2.64
82	288379.9828	599234.195	499.138	0.439	2.64
82	288378.3988	599232.975	499.138	0.466	2.64
83	288394.2758	599242.702	473.696	0.451	2.64
83	288392.3741	599242.101	473.696	0.43	2.64
83	288390.4241	599241.642	473.696	0.608	2.64
83	288388.5393	599240.987	473.696	0.537	2.64
83	288386.6931	599240.214	473.696	0.401	2.64
83	288384.8206	599239.515	473.696	0.023	2.64
84	288391.9764	599247.35	473.962	0.045	2.64
84	288390.0605	599246.776	473.962	0.286	2.64
84	288388.1525	599246.179	473.962	0.641	2.64
84	288386.2774	599245.487	473.962	1.088	2.64
84	288384.3886	599244.836	473.962	1.532	2.64
84	288382.517	599244.153	473.962	1.28	2.64
85	288422.9632	599184.467	474.43	1.3545	2.64
85	288421.0579	599183.86	474.43	2.30815	2.64
85	288419.3406	599183.32	474.43	1.49675	2.64
86	288425.9284	599177.215	474.427	0.3225	2.64
86	288424.0474	599176.536	474.427	1.5434	2.64
86	288422.6371	599176.025	474.427	2.213	2.64
87	288408.6419	599151.911	499.761	0.8563	2.64
87	288406.7163	599151.371	499.761	1.44185	2.64
88	288405.8585	599204.944	474.215	1.28	2.64
88	288404.0324	599204.113	474.215	1.28	2.64
88	288402.1401	599203.486	474.215	1.015	2.64
89	288407.0313	599211.063	474.131	0.238	2.64
89	288405.2926	599210.096	474.131	2.511	2.64
89	288403.3979	599209.458	474.131	1.79	2.64
89	288401.5375	599208.746	474.131	2.092	2.64
89	288399.8286	599207.713	474.131	0.734	2.64
90	288412.0965	599138.821	500.804	0.27675	2.64
90	288410.1665	599138.298	500.804	0.81725	2.64
91	288442.0203	599154.015	441.695	0.796	2.64
91	288440.1013	599153.465	441.695	0.016	2.64
92	288439.2227	599158.75	441.658	1.867	2.64
93	288412.429	599138.649	500.828	0.05145	2.64
93	288410.4981	599138.129	500.828	0.034	2.64
94	288394.4484	599278.883	472.95	0.89	2.64
94	288396.2283	599279.794	472.95	0.136	2.64
94	288398.0668	599280.574	472.95	0.21	2.64
94	288399.9768	599281.164	472.95	1.407	2.64
95	288393.7928	599285.495	472.971	2.645	2.64
95	288395.7518	599285.875	472.971	1.783	2.64
95	288397.6892	599286.386	472.971	1.927	2.64
95	288399.6596	599286.611	472.971	0.528	2.64
96	288385.429	599282.13	473.274	1.869	2.64
97	288385.9652	599275.27	473.184	0.091	2.64
97	288384.0042	599274.878	473.184	0.155	2.64
98	288464.1803	599120.66	444.319	0.5077	2.64
98	288462.2188	599120.269	444.319	1.17295	2.64
99	288440.982	599087.859	480.796	1.036	2.64
99	288439.007	599087.544	480.796	0.52725	2.64
99	288437.5265	599087.303	480.796	0.283	2.64
100	288423.9828	599166.507	474.956	1.28	2.64
100	288424.9885	599164.783	474.956	2.312	2.64
100	288425.7913	599162.947	474.956	2.209	2.64
100	288426.5717	599161.106	474.956	1.378	2.64
100	288427.3763	599159.275	474.956	1.35	2.64
100	288428.1058	599157.415	474.956	1.745	2.64
100	288428.663	599155.495	474.956	1.015	2.64
100	288429.1665	599153.559	474.956	1.596	2.64
100	288429.6526	599151.62	474.956	1.49	2.64
101	288448.8757	599059.235	482.055	1.4317	2.64
101	288446.9462	599058.709	482.055	1.33	2.64
101	288445.2565	599058.254	482.055	0.952	2.64
102	288428.1207	599174.708	474.613	0.107	2.64
102	288428.8694	599172.857	474.613	0.187	2.64
102	288429.7596	599171.063	474.613	0.615	2.64
102	288430.51	599169.214	474.613	1.082	2.64
102	288431.1042	599167.304	474.613	1.054	2.64
102	288431.7316	599165.408	474.613	0.881	2.64
102	288432.2789	599163.491	474.613	1.311	2.64
102	288432.9785	599161.637	474.613	1.254	2.64
102	288434.1148	599159.992	474.613	1.741	2.64
103	288450.5227	599053.302	482.365	2.81255	2.64
103	288448.9319	599052.309	482.365	1.3811	2.64
104	288438.3536	599072.116	482.121	1.32	2.64
104	288436.9463	599070.937	482.121	1.908	2.64
105	288439.4963	599067.628	482.562	1.787	2.64
105	288437.6434	599066.882	482.562	1.32	2.64
105	288436.196	599066.203	482.562	0.115	2.64
106	288379.4326	599280.481	498.04	0.942	2.64
106	288381.4003	599280.747	498.04	0.557	2.64
107	288379.783	599272.997	497.8	0.105	2.64
108	288416.4836	599101.496	504.593	0.766	2.64
108	288414.5179	599101.129	504.593	0.156	2.64
108	288412.5704	599100.679	504.593	0.76435	2.64
109	288413.2788	599106.672	504.622	0.7852	2.64
109	288411.4962	599105.781	504.622	1.5069	2.64
109	288409.9072	599105.182	504.622	1.117	2.64
110	288424.8757	599104.788	504.222	1.414	2.64
110	288426.7001	599105.591	504.222	1.24125	2.64
110	288428.3436	599106.192	504.222	0.417	2.64
111	288423.2008	599110.871	503.595	0.7525	2.64
111	288425.1453	599111.334	503.595	0.5005	2.64
111	288427.0835	599111.827	503.595	1.029	2.64
111	288429.0229	599112.316	503.595	0.858	2.64
111	288430.4771	599112.683	503.595	0.465	2.64
112	288402.0899	599156.281	499.928	2.042	2.64
112	288400.2988	599155.44	499.928	1.292	2.64
112	288398.3515	599154.912	499.928	1.32	2.64
112	288396.4777	599154.224	499.928	1.28	2.64
112	288394.6334	599153.448	499.928	1.068	2.64
113	288403.84	599150.129	499.978	2.236	2.64
113	288401.9102	599149.614	499.978	1.441	2.64
113	288399.9559	599149.254	499.978	0.602	2.64
113	288397.9739	599149.004	499.978	1.741	2.64
113	288396.0763	599148.4	499.978	1.351	2.64
114	288409.7552	599158.703	499.993	1.36505	2.64
114	288411.696	599159.178	499.993	1.2484	2.64
114	288413.6087	599159.741	499.993	1.1282	2.64
114	288415.137	599160.357	499.993	1.045	2.64
115	288411.3873	599152.329	500.246	1.644	2.64
115	288412.9713	599153.529	500.246	1.181	2.64
115	288414.7869	599154.387	500.246	2.303	2.64
115	288416.6737	599155.053	500.246	0.174	2.64
115	288418.6024	599155.584	500.246	0.782	2.64
116	288455.7692	599367.274	405.13	1.9926	2.64
116	288453.9076	599366.543	405.13	2.3556	2.64
116	288452.1856	599365.867	405.13	1.14970588	2.64
117	288456.4217	599353.704	404.71	0.59475	2.64
117	288459.9836	599354.627	404.71	1.217985	2.64
117	288461.4162	599354.032	404.71	1.28	2.64
118	288466.1484	599101.385	445.216	0.56105	2.64
119	288423.7585	599101.136	504.883	1.593	2.64
119	288424.2795	599099.205	504.883	1.702	2.64
119	288424.8005	599097.274	504.883	1.081	2.64
119	288425.3215	599095.343	504.883	0.507	2.64
119	288425.8425	599093.412	504.883	0.091	2.64
119	288426.3635	599091.481	504.883	0.31	2.64
119	288426.8846	599089.55	504.883	0.176	2.64
119	288427.4056	599087.619	504.883	0.343	2.64
119	288427.9266	599085.688	504.883	0.095	2.64
119	288428.4476	599083.757	504.883	0.541	2.64
119	288428.9686	599081.826	504.883	0.628	2.64
119	288429.4896	599079.895	504.883	0.5652	2.64
119	288430.0106	599077.964	504.883	0.2646	2.64
119	288430.5316	599076.033	504.883	0.1836	2.64
119	288431.0005	599074.295	504.883	0.114	2.64
120	288418.461	599100.137	504.643	0.466	2.64
120	288419.0391	599098.222	504.643	0.532	2.64
120	288419.6172	599096.307	504.643	0.962	2.64
120	288420.1952	599094.393	504.643	1.258	2.64
120	288420.7733	599092.478	504.643	1.508	2.64
120	288421.3513	599090.563	504.643	1.042	2.64
120	288421.9294	599088.649	504.643	0.662	2.64
120	288422.5075	599086.734	504.643	0.74	2.64
120	288423.0855	599084.82	504.643	0.499	2.64
120	288423.6636	599082.905	504.643	0.727	2.64
120	288424.2417	599080.99	504.643	0.468	2.64
120	288424.8197	599079.076	504.643	0.672	2.64
121	288471.1752	599091.833	443.359	1.3332	2.64
121	288469.2297	599091.37	443.359	1.28	2.64
121	288467.6732	599090.999	443.359	1.819	2.64
122	288436.832	599136.248	475.362	0.689	2.64
122	288436.952	599134.251	475.362	0.171	2.64
122	288437.072	599132.255	475.362	0.298	2.64
122	288437.192	599130.259	475.362	1.489	2.64
122	288437.312	599128.262	475.362	2.2515	2.64
122	288437.432	599126.266	475.362	1.19655	2.64
122	288437.552	599124.269	475.362	1.4156	2.64
122	288437.672	599122.273	475.362	1.48755	2.64
122	288437.828	599120.281	475.362	0.3928	2.64
122	288438.3196	599118.375	475.362	1.13625	2.64
122	288439.4587	599116.812	475.362	2.4654	2.64
122	288441.1354	599116.078	475.362	1.89047368	2.64
123	288472.3982	599088.461	443.359	0.0897	2.64
123	288470.4527	599087.998	443.359	0.9526	2.64
124	288470.9849	599078.042	447.38	0.012	2.64
125	288467.4372	599078.133	447.505	2.781	2.64
125	288465.5236	599077.552	447.505	0.516	2.64
125	288463.6099	599076.97	447.505	1.947	2.64
126	288477.9747	599080.971	447.525	0.167	2.64
126	288479.7684	599081.85	447.525	2.24	2.64
126	288481.5692	599082.715	447.525	2.673	2.64
126	288483.4386	599083.428	447.525	0.025	2.64
127	288467.0651	599084.515	446.85	1.067	2.64
127	288465.4227	599083.383	446.85	2.679	2.64
127	288463.6328	599082.482	446.85	1.219	2.64
128	288476.7514	599087.289	447.159	1.847	2.64
128	288478.6481	599087.923	447.159	0.082	2.64
128	288480.5449	599088.558	447.159	0.298	2.64
129	288433.9138	599388.268	405.28	1.28	2.64
129	288435.7413	599389.078	405.28	1.649	2.64
129	288437.5879	599389.846	405.28	1.771	2.64
129	288439.3932	599390.702	405.28	1.591	2.64
130	288431.669	599392.912	405.94	1.168	2.64
130	288433.4393	599393.837	405.94	1.826	2.64
130	288435.1993	599394.783	405.94	0.398	2.64
131	288465.511	599132.077	441.768	0.132725	2.64
132	288466.1744	599127.24	441.768	1.417	2.64
132	288468.1011	599127.777	441.768	0.049	2.64
132	288470.0278	599128.313	441.768	0.356	2.64
133	288479.4282	599069.113	448.597	2.409	2.64
133	288481.3245	599069.748	448.597	2.437	2.64
133	288483.2208	599070.384	448.597	1.275	2.64
133	288485.1171	599071.02	448.597	0.132	2.64
133	288487.0134	599071.655	448.597	0.19	2.64
133	288488.9097	599072.291	448.597	1.078	2.64
134	288427.4485	599291.879	405.659	1.59515	2.64
134	288429.3435	599292.518	405.659	0.08715	2.64
134	288430.9542	599293.062	405.659	0.19707143	2.64
135	288485.79	599173.055	405.659	0.0174	2.64
136	288420.3645	599173.089	474.506	1.811	2.64
136	288418.5174	599172.322	474.506	2.056	2.64
137	288421.9241	599167.658	474.604	1.971	2.64
137	288419.9644	599167.259	474.604	2.051	2.64
138	288487.7049	599042.989	450.18	1.358	2.64
138	288489.6297	599043.516	450.18	0.295	2.64
138	288491.4304	599044.358	450.18	0.38	2.64
139	288475.0716	599044.277	450.63	0.053	2.64
139	288476.8675	599045.153	450.63	2.3	2.64
140	288487.5376	599050.484	449.75	1.28	2.64
141	288506.5834	599055.052	449.75	2.294	2.64
142	288504.0487	599120.365	407.35	0.052	2.64
142	288505.951	599120.977	407.35	0.084	2.64
142	288507.8579	599121.575	407.35	0.034	2.64
142	288509.6892	599122.371	407.35	0.019	2.64
142	288511.5301	599123.145	407.35	0.415	2.64
142	288513.4258	599123.786	407.35	0.743	2.64
142	288514.8469	599124.266	407.35	1.142	2.64
143	288505.611	599127.468	407.3	0.059	2.64
143	288507.4976	599128.131	407.3	2.807	2.64
143	288509.3722	599128.828	407.3	2.302	2.64
143	288511.2494	599129.518	407.3	0.272	2.64
144	288497.8662	599163.217	406.85	0.061	2.64
144	288499.7321	599163.935	406.85	0.015	2.64
145	288497.3786	599169.62	406.54	0.75	2.64
145	288499.2148	599170.41	406.54	1.803	2.64
147	288526.2055	599090.462	407.67	0.086	2.64
147	288528.1743	599090.791	407.67	1.32	2.64
147	288535.9345	599092.445	407.67	0.9246	2.64
148	288518.4003	599094.765	407.68	0.034	2.64
148	288520.291	599095.416	407.68	0.013	2.64
148	288524.1401	599096.492	407.68	0.066	2.64
149	288400.6254	599425.448	438.153	2.48084	2.64
149	288398.8943	599424.448	438.153	2.75029	2.64
149	288397.2412	599423.327	438.153	1.28	2.64
149	288395.6485	599422.116	438.153	2.15531	2.64
149	288394.4464	599421.219	438.153	0.09127	2.64
150	288448.7969	599323.961	406.949	1.000494	2.64
150	288446.9638	599323.161	406.949	1.028998	2.64
151	288437.422	599348.845	405.075	0.941155	2.64
151	288439.2333	599349.69	405.075	2.21993	2.64
152	288431.6539	599373.088	405.689	1.91597	2.64
153	288429.4989	599379.134	405.689	2.12473	2.64
155	288396.2204	599245.898	453.2212857	0.94	2.545
155	288397.7771	599246.381	454.9828065	0.437	2.54
155	288398.8798	599246.723	456.2305504	1.346	2.45
155	288399.95	599247.056	457.4415959	1.77176923	2.58692308
155	288401.0527	599247.398	458.6893398	1.502725	2.58625
155	288402.35	599247.801	460.1572738	1.6223	2.54825
155	288403.6472	599248.204	461.6252078	0.4506	2.52725
156	288401.8934	599248.625	439.7609308	0.4435	2.53
156	288403.6002	599249.296	438.9627925	2.1235	2.525
156	288405.3071	599249.967	438.1646542	1.88	2.565
156	288407.0139	599250.637	437.3665159	1.28	2.545
156	288408.7207	599251.308	436.5683776	1.3895	2.58
156	288410.4275	599251.978	435.7702393	1.3965	2.52
156	288411.7077	599252.481	435.1716355	1.501	2.62
156	288414.1185	599253.429	434.0442651	0.38838095	2.37904762
156	288415.9747	599254.158	433.1762897	1.692	2.54
156	288417.6815	599254.829	432.3781514	0.781	2.56
156	288420.2844	599255.851	431.1609905	0.114025	2.545
156	288422.4606	599256.706	430.1433641	0.0175	2.595
156	288424.1632	599257.375	429.3472211	0.077	2.56
156	288425.038	599257.719	428.9381753	0.026	2.59
157	288383.9162	599288.685	454.8576427	1.06132258	2.64903226
157	288385.0204	599288.688	455.8355855	0.79442857	2.65857143
157	288386.0872	599288.691	456.7803778	0.2896	2.776
157	288387.3785	599288.694	457.9240737	0.7999	2.61525
157	288389.774	599288.701	460.0457124	1.117375	2.772
157	288391.2712	599288.704	461.3717367	1.826925	2.51075
157	288392.731	599288.708	462.6646103	1.751	2.49
157	288394.3405	599288.713	464.0900863	1.35515	2.2975
157	288395.8377	599288.716	465.4161105	0.539875	2.6855
157	288397.1141	599288.72	466.5465462	0.43413475	2.48056738
157	288399.5583	599288.726	468.7112807	1.9485	2.525
157	288401.0555	599288.73	470.0373049	1.2445	2.48
158	288429.738	599291.75	408.8730322	1.118	2.335
158	288430.294	599291.991	410.7790967	0.8185	2.38
158	288430.85	599292.231	412.6851611	2.943	2.32
158	288431.406	599292.471	414.5912255	1.0095	2.4
158	288431.962	599292.712	416.49729	1.9455	2.385
158	288432.518	599292.952	418.4033544	1.5245	2.405
158	288432.935	599293.132	419.8329027	0.758	2.22
159	288419.2783	599360.669	423.4220572	1.921875	2.48235
159	288420.5719	599361.096	424.88643	2.28305	2.42775
159	288421.8655	599361.522	426.3508027	2.1029	2.46325
159	288423.1591	599361.949	427.8151755	2.07595	2.40825
159	288424.4527	599362.376	429.2795482	2.147825	2.46025
159	288425.7463	599362.803	430.743921	2.569825	2.5165
159	288427.04	599363.23	432.2082937	1.604675	2.49625
159	288428.3336	599363.656	433.6726665	0.925275	2.4305
159	288429.6272	599364.083	435.1370392	0.45665	2.47825
159	288430.9208	599364.51	436.601412	0.33465	2.52175
159	288432.0689	599364.889	437.9010428	1.09016129	2.48709677
160	288419.9396	599333.728	413.6885056	0.1465493	2.44112676
160	288420.8973	599334.304	415.9806255	2.19577	2.32575
160	288421.6485	599334.755	417.7783666	2.83109	2.3756
160	288422.3997	599335.207	419.5761077	2.301615	2.34075
160	288423.1508	599335.658	421.3738488	1.28	2.4576
160	288423.902	599336.11	423.1715899	2.20007	2.38135
160	288424.6532	599336.561	424.9693309	2.39609	2.42895
160	288425.4043	599337.013	426.767072	2.35094	2.32815
160	288426.1555	599337.465	428.5648131	2.128725	2.4511
160	288426.8128	599337.86	430.1378366	0.93204	2.3446
161	288368.7969	599392.768	445.671984	0.9835	2.27
161	288370.243	599393.615	446.7638955	0.9465	2.425
161	288371.6891	599394.461	447.855807	1.569	2.41
161	288373.1353	599395.307	448.9477185	1.9135	2.415
161	288375.2322	599396.535	450.5309901	0.404	2.26
162	288368.05	599301.91	515.71	0.955	2.64
162	288368.05	599301.91	513.71	1.6	2.64
162	288368.05	599301.91	511.71	0.93	2.64
162	288368.05	599301.91	509.71	0.465	2.64
162	288368.05	599301.91	507.71	0.245	2.64
162	288368.05	599301.91	505.71	0.245	2.64
162	288368.05	599301.91	503.71	0.29	2.64
162	288368.05	599301.91	501.71	0.595	2.64
162	288368.05	599301.91	499.71	0.27	2.64
162	288368.05	599301.91	497.71	0.385	2.64
162	288368.05	599301.91	495.71	0.41	2.64
162	288368.05	599301.91	493.71	0.685	2.64
162	288368.05	599301.91	491.71	0.97	2.64
162	288368.05	599301.91	489.71	2.215	2.64
162	288368.05	599301.91	487.71	0.15	2.64
163	288402.82	599240.65	473.6	0.209	2.64
163	288402.82	599240.65	471.6	0.5645	2.64
163	288402.82	599240.65	469.6	0.7295	2.64
163	288402.82	599240.65	467.6	2.195	2.64
163	288402.82	599240.65	465.6	2.99	2.64
163	288402.82	599240.65	463.6	1.7	2.64
163	288402.82	599240.65	461.6	0.855	2.64
163	288402.82	599240.65	459.6	1.86	2.64
163	288402.82	599240.65	457.6	2.465	2.64
163	288402.82	599240.65	455.6	1.28	2.64
163	288402.82	599240.65	453.6	1.03	2.64
163	288402.82	599240.65	451.6	1.88	2.64
163	288402.82	599240.65	449.6	1.83	2.64
163	288402.82	599240.65	447.6	2.965	2.64
163	288402.82	599240.65	445.6	2.67	2.64
163	288402.82	599240.65	443.6	0.91	2.64
163	288402.82	599240.65	441.6	1.765	2.64
163	288402.82	599240.65	439.6	1.195	2.64
164	288368.27	599240	511.33	0.0855	2.64
164	288368.27	599240	509.33	0.145	2.64
164	288368.27	599240	507.83	1.34	2.64
165	288320.7	599269.67	564.5	1.185	2.64
165	288320.7	599269.67	562.5	1.35	2.64
165	288320.7	599269.67	560.5	1.28	2.64
165	288320.7	599269.67	558.5	1.38	2.64
166	288350.01	599269.66	554.47	0.6465	2.64
166	288350.01	599269.66	552.47	0.0165	2.64
166	288350.01	599269.66	550.47	0.265	2.64
166	288350.01	599269.66	548.47	0.785	2.64
166	288350.01	599269.66	546.47	1.375	2.64
166	288350.01	599269.66	544.47	0.985	2.64
166	288350.01	599269.66	542.47	0.305	2.64
166	288350.01	599269.66	540.47	0.51	2.64
166	288350.01	599269.66	538.47	0.282	2.64
166	288350.01	599269.66	536.47	0.865	2.64
166	288350.01	599269.66	534.47	1.36	2.64
166	288350.01	599269.66	532.97	2.21	2.64
167	288367.64	599270.28	548.2	1.055	2.64
167	288367.64	599270.28	546.2	1.37	2.64
167	288367.64	599270.28	544.2	1.41	2.64
167	288367.64	599270.28	542.2	1.605	2.64
167	288367.64	599270.28	540.2	1.47	2.64
167	288367.64	599270.28	538.2	1.295	2.64
167	288367.64	599270.28	536.2	0.925	2.64
167	288367.64	599270.28	534.2	0.28	2.64
167	288367.64	599270.28	532.2	0.22	2.64
167	288367.64	599270.28	511.2	0.54	2.64
167	288367.64	599270.28	509.2	0.55	2.64
167	288367.64	599270.28	507.7	1.43	2.64
167	288367.64	599270.28	506.7	2.4	2.64
168	288395.14	599270.03	477.4	0.0515	2.64
168	288395.14	599270.03	475.4	0.0425	2.64
168	288395.14	599270.03	473.9	0.16	2.64
168	288395.14	599270.03	472.4	0.455	2.64
168	288395.14	599270.03	470.4	0.865	2.64
168	288395.14	599270.03	468.4	1.675	2.64
168	288395.14	599270.03	466.4	1.145	2.64
168	288395.14	599270.03	464.4	1.115	2.64
168	288395.14	599270.03	462.4	1.515	2.64
168	288395.14	599270.03	460.4	0.98	2.64
168	288395.14	599270.03	458.4	0.89	2.64
168	288395.14	599270.03	456.4	0.465	2.64
168	288395.14	599270.03	454.4	0.69	2.64
168	288395.14	599270.03	452.4	0.795	2.64
168	288395.14	599270.03	450.4	0.22	2.64
168	288395.14	599270.03	448.4	0.084	2.64
168	288395.14	599270.03	446.9	0.054	2.64
170	288325.07	599329.82	566.93	0.5025	2.64
170	288325.07	599329.82	564.93	1.16	2.64
170	288325.07	599329.82	562.93	2.21	2.64
170	288325.07	599329.82	561.43	1.22	2.64
171	288349.87	599329.98	543.07	0.073	2.64
171	288349.87	599329.98	541.57	0.52	2.64
171	288349.87	599329.98	539.57	1.865	2.64
171	288349.87	599329.98	537.57	1.625	2.64
172	288377.01	599328.47	490.77	2.585	2.64
172	288377.01	599328.47	488.77	2.735	2.64
172	288377.01	599328.47	486.77	1.28	2.64
172	288377.01	599328.47	484.77	2.985	2.64
172	288377.01	599328.47	482.77	2.9	2.64
172	288377.01	599328.47	480.77	2.235	2.64
172	288377.01	599328.47	478.77	2.075	2.64
172	288377.01	599328.47	477.27	1.28	2.64
172	288377.01	599328.47	475.77	0.455	2.64
172	288377.01	599328.47	473.77	0.625	2.64
172	288377.01	599328.47	471.77	1.6	2.64
172	288377.01	599328.47	469.77	1.28	2.64
172	288377.01	599328.47	467.77	1.87	2.64
172	288377.01	599328.47	465.77	2.425	2.64
172	288377.01	599328.47	463.77	1.085	2.64
172	288377.01	599328.47	461.77	2.085	2.64
172	288377.01	599328.47	459.77	0.68	2.64
172	288377.01	599328.47	457.77	1.05	2.64
172	288377.01	599328.47	455.77	1.245	2.64
172	288377.01	599328.47	453.77	1.13	2.64
172	288377.01	599328.47	451.77	1.57	2.64
172	288377.01	599328.47	450.27	0.65	2.64
172	288377.01	599328.47	448.77	0.54	2.64
172	288377.01	599328.47	447.27	0.056	2.64
173	288401.58	599318.08	451.55	0.066	2.64
173	288401.58	599318.08	449.55	0.57	2.64
173	288401.58	599318.08	447.55	0.96	2.64
173	288401.58	599318.08	445.55	0.86	2.64
173	288401.58	599318.08	443.55	2.085	2.64
173	288401.58	599318.08	441.55	2.1	2.64
173	288401.58	599318.08	439.55	1.925	2.64
173	288401.58	599318.08	437.55	2.36	2.64
173	288401.58	599318.08	436.05	2.52	2.64
173	288401.58	599318.08	434.55	0.53	2.64
173	288401.58	599318.08	432.55	0.0955	2.64
173	288401.58	599318.08	431.05	0.06	2.64
173	288401.58	599318.08	429.55	1.86	2.64
173	288401.58	599318.08	427.55	1.865	2.64
173	288401.58	599318.08	425.55	2.89	2.64
173	288401.58	599318.08	423.55	2.495	2.64
173	288401.58	599318.08	422.05	1.78	2.64
173	288401.58	599318.08	420.55	0.189	2.64
173	288401.58	599318.08	419.05	0.075	2.64
173	288401.58	599318.08	418.05	1.63	2.64
174	288444.56	599331.22	421.02	1.87	2.64
174	288444.56	599331.22	419.52	0.1385	2.64
174	288444.56	599331.22	417.52	1.98	2.64
174	288444.56	599331.22	415.52	1.28	2.64
174	288444.56	599331.22	413.52	2.94	2.64
174	288444.56	599331.22	411.52	2.87	2.64
174	288444.56	599331.22	409.52	2.635	2.64
174	288444.56	599331.22	407.52	1.83	2.64
175	288403.69	599359.16	445.03	1.95	2.64
175	288403.69	599359.16	443.03	1.82	2.64
175	288403.69	599359.16	441.53	1.42	2.64
175	288403.69	599359.16	440.03	0.048	2.64
175	288403.69	599359.16	438.03	0.014	2.64
175	288403.69	599359.16	436.03	0.029	2.64
175	288403.69	599359.16	434.03	0.455	2.64
175	288403.69	599359.16	432.03	0.76	2.64
175	288403.69	599359.16	430.03	1.145	2.64
175	288403.69	599359.16	428.03	0.69	2.64
175	288403.69	599359.16	426.53	0.16	2.64
176	288360.46	599389.94	465.46	0.22	2.64
176	288360.46	599389.94	463.46	0.0615	2.64
176	288360.46	599389.94	461.46	0.02	2.64
176	288360.46	599389.94	459.96	0.79	2.64
176	288360.46	599389.94	458.46	1.64	2.64
176	288360.46	599389.94	456.96	2.43	2.64
176	288360.46	599389.94	455.96	0.19	2.64
177	288424.675	599385.457	428.5336803	0.2405	2.64
177	288422.8015	599384.948	428.053902	0.6625	2.708
177	288420.928	599384.438	427.5741236	1.1255	2.64
177	288418.8343	599383.868	427.0379713	1.475	2.666
177	288417.3215	599383.457	426.6505503	1.87	2.671
177	288415.448	599382.947	426.1707719	2.273	2.64
178	288456.2938	599358.469	406.2289851	2.8385	2.678
178	288454.5419	599357.952	405.4145552	2.1015	2.672
178	288452.7899	599357.435	404.6001254	2.219	2.64
178	288451.0379	599356.918	403.7856956	2.3745	2.726
178	288449.2859	599356.401	402.9712657	1.28	2.64
178	288447.2448	599355.799	402.022455	1.86712	2.64
178	288445.3877	599355.251	401.1591593	2.676	2.64
178	288443.6357	599354.734	400.3447295	2.459	2.64
178	288441.8838	599354.217	399.5302997	2.7711	2.64
179	288407.0766	599226.168	475.7913395	0.675	2.6385
179	288406.0034	599225.692	474.1720753	1.7795	2.654
179	288404.9302	599225.217	472.5528112	1.948	2.678
179	288403.857	599224.741	470.933547	0.841	2.662
179	288402.985	599224.355	469.6178949	0.514	2.873
179	288402.341	599224.069	468.6463364	0.21730435	2.57030435
179	288401.4959	599223.695	467.3711659	0.90145	2.64525
179	288400.4226	599223.219	465.7519017	0.6115	2.68335
180	288430.8688	599192.229	457.7700965	1.608	2.706
180	288429.9688	599191.905	456.4626538	0.07409677	2.69854839
180	288429.0688	599191.581	455.1552112	0.07946	2.75834
180	288427.9577	599191.181	453.5410844	0.46984	2.74368
180	288426.8465	599190.781	451.9269576	1.00444	2.7158
180	288425.7354	599190.381	450.3128309	1.0266	2.71173
180	288424.6243	599189.981	448.6987041	1.677065	2.73152
181	288416.38	599199.47	481.99	0.7055	2.6725
181	288416.38	599199.47	479.99	1.23817	2.68597
181	288416.38	599199.47	477.99	1.982085	2.682025
181	288416.38	599199.47	476.085	2.40167956	2.75716575
181	288416.38	599199.47	473.695	2.385	2.653
181	288416.38	599199.47	472.09	2.25359	2.73259
181	288416.38	599199.47	470.09	1.71672	2.6339
181	288416.38	599199.47	468.09	2.112105	2.69722
181	288416.38	599199.47	466.09	2.3126	2.71902
181	288416.38	599199.47	463.94	0.58585	2.70315
181	288416.38	599199.47	461.59	2.01485	2.67915
181	288416.38	599199.47	459.59	1.40609	2.66978
181	288416.38	599199.47	457.59	1.70051	2.65795
181	288416.38	599199.47	455.59	1.42767	2.6542
181	288416.38	599199.47	453.68	1.52667582	2.63961538
182	288426.1322	599097.223	502.8159236	0.8467	2.67025
182	288424.6498	599097.305	501.4758475	0.9786	2.6448
182	288420.4622	599097.54	497.6901327	2.035	2.653
182	288419.6469	599097.585	496.9530908	3.214	2.65
183	288460.2377	599094.444	457.1443892	1.158915	2.638015
184	288372.6658	599303.365	513.3905723	0.565	2.642
184	288371.2946	599302.757	513.3895251	1.6895	2.6953
184	288369.4662	599301.946	513.3881288	1.1406	2.6734
184	288367.6378	599301.136	513.3867326	0.55005	2.68645
184	288365.8095	599300.325	513.3853363	0.27115	2.69045
185	288418.2285	599322.88	434.8389849	1.5875	2.6245
185	288417.7108	599322.633	432.9230392	2.461	2.672
185	288417.1931	599322.385	431.0070936	0.925	2.67
185	288416.6754	599322.138	429.0911479	2.2405	2.6585
185	288416.1577	599321.891	427.1752023	2.2215	2.694
185	288415.64	599321.644	425.2592566	3.177	2.7205
185	288415.1572	599321.413	423.4726373	3.51498266	2.75230636
185	288414.6745	599321.183	421.686018	1.726325	2.643255
185	288413.9316	599320.828	418.936636	2.6345	2.6925
185	288413.4139	599320.58	417.0206903	2.392	2.6655
185	288412.9479	599320.358	415.2963392	2.5035	2.696375
186	288407.2841	599121.45	519.6629931	1.55475	2.6201
186	288405.7224	599120.821	518.0234794	1.652	2.659
186	288404.3932	599120.286	516.6281485	1.899	2.688
186	288402.6985	599119.604	514.8491017	1.9665	2.615
186	288401.5687	599119.149	513.6630704	1.82	2.642
186	288400.4888	599118.714	512.5293641	2.42437838	2.65989189
187	288440.4997	599133.343	490.526024	1.177	2.68
187	288440.4738	599133.286	488.6770844	2.598	2.6572
187	288440.4458	599133.224	486.6782307	2.214075	2.65235
187	288440.4178	599133.163	484.6793771	2.242475	2.667125
187	288440.3926	599133.107	482.8804088	2.9835	2.681875
187	288440.0396	599132.331	457.6948528	0.54855	2.59925
187	288440.0046	599132.254	455.1962857	2.213325	2.61985
188	288387.2144	599188.795	519.9769486	2.2015	2.6925
188	288385.9048	599188.312	518.5443447	2.357	2.683
188	288384.5953	599187.83	517.1117408	1.9525	2.71
188	288383.2857	599187.348	515.6791369	2.0635	2.688
188	288381.9761	599186.865	514.246533	1.595	2.662
188	288380.6665	599186.383	512.8139291	1.066	2.6555
188	288379.6025	599185.991	511.6499385	1.44496	2.67272
188	288378.8495	599185.714	510.8261912	1.912	2.678
188	288377.851	599185.346	509.7338308	2.434	2.7117
189	288410.6333	599022.795	493.109485	1.7965	2.5955
189	288409.3403	599022.525	491.6076481	1.561	2.595
189	288408.3059	599022.309	490.4061786	1.48	2.613
189	288407.2715	599022.094	489.204709	0.976	2.6865
190	288369.695	599358.018	506.5779402	1.616	2.6895
190	288370.0586	599358.074	504.6120695	1.704	2.605
190	288370.4222	599358.13	502.6461988	2.1875	2.61
190	288370.7858	599358.186	500.6803281	1.856	2.638
190	288371.1495	599358.242	498.7144574	1.2435	2.644
190	288371.5131	599358.298	496.7485867	0.0915	2.654
190	288371.8767	599358.354	494.782716	0.088	2.687
190	288372.2403	599358.41	492.8168453	1.926	2.6465
190	288372.6039	599358.466	490.8509746	1.859	2.6735
190	288372.9676	599358.522	488.8851039	2.491	2.72
190	288373.3312	599358.578	486.9192332	2.5985	2.675
190	288373.6157	599358.622	485.3809394	3.26630973	2.69181416
190	288373.9003	599358.666	483.8426456	0.029975	2.66765
190	288374.2639	599358.722	481.8767749	0.022155	2.66487
190	288374.7839	599358.802	479.0655798	2.915	2.579
190	288375.1293	599358.855	477.1980026	3.4455	2.6695
190	288375.4747	599358.908	475.3304255	2.594	2.533
190	288375.8384	599358.964	473.3645548	2.4575	2.60215
190	288376.3474	599359.042	470.6123358	3.129	2.688
190	288376.711	599359.098	468.6464651	1.769	2.669
190	288377.0747	599359.154	466.6805944	0.883	2.6555
190	288377.4383	599359.21	464.7147237	0.7415	2.6585
190	288377.8019	599359.266	462.748853	0.543	2.667
190	288378.1655	599359.322	460.7829823	0.4425	2.6605
190	288378.5291	599359.378	458.8171116	1.041	2.657
190	288378.8928	599359.434	456.8512409	1.207	2.6465
190	288379.2564	599359.49	454.8853702	1.3235	2.6945
190	288379.62	599359.546	452.9194995	1.3365	2.616
190	288379.9836	599359.602	450.9536288	2.4525	2.6475
190	288380.3473	599359.658	448.9877581	0.9165	2.6175
190	288380.6381	599359.703	447.4150615	1.15883333	2.63008333
190	288380.929	599359.748	445.842365	0.018	2.664
190	288381.7745	599359.878	441.2717156	1.66525	2.6556
190	288382.1381	599359.934	439.3058449	2.070025	2.682275
190	288382.5017	599359.99	437.3399742	2.52485	2.682
190	288382.9726	599360.062	434.7941717	1.51155	2.57699
190	288383.4653	599360.138	432.1304169	1.253	2.5215
190	288383.7289	599360.178	430.7051606	1.502	2.617
190	288383.9607	599360.214	429.451918	0.019	2.72
191	288345.0903	599174.597	541.366535	1.937	2.3935
192	288448.3001	599176.35	443.0299462	2.217	2.258
192	288439.6758	599176.511	434.2614809	0.5835	2.4625
192	288438.6241	599176.531	433.1921559	1.979	2.327
193	288493.7783	599117.513	424.4236909	1.83171429	2.73
194	288503.7079	599082.99	434.0514252	1.66111538	2.74923077
194	288503.2128	599082.804	432.8693973	0.05769903	2.6923301
194	288500.7222	599081.866	426.922747	0.474	2.765
194	288499.9576	599081.578	425.0972212	2.651	2.695
194	288499.3842	599081.362	423.7280769	1.543	2.72
195	288503.7529	599171.762	400.8310627	1.1858	2.723
195	288503.4885	599171.679	398.8503811	0.764095	2.6403
196	288516.9882	599030.876	441.1007782	0.10105882	2.67235294
196	288514.6022	599030.034	439.8557317	1.083665	2.7582
196	288512.91	599029.437	438.97272	1.41051	2.66005
197	288551.9286	599045.824	418.0017501	0.906	2.73
197	288551.4308	599045.73	416.45778	0.597	2.68
197	288550.818	599045.613	414.5575091	1.327	2.635
198	288528.5315	599007.733	449.5960959	0.9795	2.715
198	288528.1791	599007.637	447.6551164	2.61133333	2.70179487
198	288527.8268	599007.542	445.7141369	1.6185	2.575
198	288527.4699	599007.446	443.748588	0.887	2.62
198	288526.8677	599007.283	440.4317242	0.38785405	2.45372973
198	288526.5243	599007.191	438.5398834	0.079	2.695
198	288526.1675	599007.094	436.5743345	0.035	2.715
198	288525.8579	599007.011	434.8692208	0.07523129	2.70278912
198	288525.5483	599006.927	433.1641072	2.502625	2.78875
198	288525.2762	599006.854	431.6653761	1.99485714	2.80857143
199	288532.66	598987.985	446.3579407	2.19716393	2.6673224
199	288532.6691	598988.01	444.4431181	0.24175	2.6225
199	288532.6771	598988.031	442.7482752	0.87523741	2.66604317
199	288532.6859	598988.055	440.8934471	0.484	2.62
200	288513.9702	598958.791	437.0344712	1.343	2.69
200	288513.1648	598958.473	435.2317121	1.267	2.66
200	288512.3593	598958.155	433.428953	1.4175	2.73
201	288499.6034	598921.004	457.9692403	0.5495	2.635
201	288498.3452	598920.474	456.5077238	0.4665	2.585
201	288497.087	598919.944	455.0462072	0.5585	2.55
201	288495.9923	598919.483	453.7746878	0.8432973	2.69027027
201	288492.6832	598918.09	449.9308994	0.2745	2.705
201	288491.4249	598917.56	448.4693828	0.4205	2.68
201	288490.1667	598917.03	447.0078663	1.269	2.69
201	288488.9085	598916.5	445.5463497	0.25	2.705
202	288492.7347	599149.539	417.2724771	0.012	2.64
202	288490.9328	599149.522	413.1490169	0.043	2.64
203	288448.38	599104.61	463.97	0.121	2.64
204	288422.63	599107.58	512.0028314	0.941	2.64
204	288421.63	599107.58	510.2707806	0.775	2.64
204	288420.63	599107.58	508.5387298	1.221	2.64
204	288419.63	599107.58	506.806679	1.2665	2.64
204	288418.63	599107.58	505.0746282	1.298	2.64
204	288417.63	599107.58	503.3425774	1.4425	2.64
204	288416.63	599107.58	501.6105266	0.6255	2.64
204	288415.63	599107.58	499.8784758	1.006	2.64
204	288414.88	599107.58	498.5794377	0.861	2.64
205	288411.6721	599203.803	484.0190229	0.064	2.64
205	288411.649	599203.844	482.0195684	0.348	2.64
205	288411.6244	599203.885	480.0201405	0.2775	2.64
205	288411.6007	599203.929	478.0207478	1.9735	2.64
205	288411.5806	599203.977	476.0214234	2.768	2.64
205	288411.5644	599204.029	474.0221873	2.0615	2.64
205	288411.552	599204.085	472.0230311	1.6405	2.64
205	288411.5432	599204.145	470.0239505	1.607	2.64
205	288411.5347	599204.21	468.0249938	2.4935	2.64
205	288411.5233	599204.279	466.0262214	2.4465	2.64
205	288411.513	599204.333	464.5272512	2.274	2.64
205	288411.4485	599204.597	458.0329234	0.022	2.64
205	288411.428	599204.682	456.0348707	0.182	2.64
205	288411.4088	599204.769	454.0368494	0.474	2.64
205	288411.3952	599204.835	452.5383511	1.104	2.64
207	288394.1711	599203.324	504.2255373	2.0085	2.64
207	288393.4505	599203.321	502.3598826	1.8295	2.64
207	288392.7259	599203.315	500.4957412	0.767	2.64
207	288391.9974	599203.308	498.6331614	1.385	2.64
207	288391.2647	599203.298	496.7722551	1.451	2.64
207	288390.5272	599203.288	494.9132348	1.4145	2.64
207	288389.7852	599203.277	493.0559807	1.898	2.64
207	288389.0404	599203.263	491.1998932	1.799	2.64
207	288388.4806	599203.252	489.8083016	1.599	2.64
206	288506.5979	599109.153	422.6136484	0.189	2.64
206	288505.5606	599109.131	419.7987912	0.988	2.64
206	288505.0375	599109.121	418.3929875	0.0755	2.64
206	288504.3354	599109.109	416.5203348	0.022	2.64
206	288503.628	599109.096	414.6496487	0.0405	2.64
208	288484.6073	598903.089	468.1293496	1.814	2.64
208	288484.4489	598903.068	466.6378807	1.911	2.64
208	288484.2884	598903.044	465.1466777	0.4975	2.64
208	288484.1267	598903.02	463.6556263	0.527	2.64
208	288484.0175	598903.002	462.6617618	1.405	2.64
208	288483.8515	598902.974	461.1712437	0.612	2.64
208	288483.6268	598902.934	459.1842947	0.7665	2.64
208	288483.3981	598902.893	457.1978545	0.303	2.64
209	288376.1109	599176.756	533.7315486	0.976	2.64
209	288376.0515	599176.792	531.7327491	0.756	2.64
209	288375.9924	599176.829	529.733957	1.1725	2.64
209	288375.9347	599176.868	527.7351705	0.0385	2.64
209	288375.8923	599176.898	526.2360797	0.033	2.64
209	288375.8509	599176.93	524.7369905	3.437	2.64
209	288375.7965	599176.974	522.7382071	2.632	2.64
209	288375.7415	599177.02	520.7394868	2.3365	2.64
209	288375.684	599177.068	518.7408964	2.642	2.64
209	288375.6239	599177.119	516.7424492	0.07	2.64
209	288375.5611	599177.171	514.7441363	1.933	2.64
209	288375.4958	599177.226	512.7459429	2.0835	2.64
209	288375.4298	599177.28	510.7477385	1.452	2.64
209	288375.3808	599177.318	509.2490226	1.46	2.64
210	288424.248	599151.87	497.714452	0.106	2.64
210	288423.9696	599151.87	495.7339159	0.3705	2.64
210	288423.6913	599151.87	493.7533797	1.625	2.64
210	288423.4129	599151.87	491.7728436	1.9485	2.64
210	288423.1346	599151.87	489.7923075	2.2105	2.64
210	288422.8562	599151.87	487.8117713	2.3905	2.64
210	288422.5779	599151.87	485.8312352	1.357	2.64
210	288422.2995	599151.87	483.8506991	1.433	2.64
210	288422.0212	599151.87	481.8701629	0.123	2.64
210	288421.8124	599151.87	480.3847608	0.926	2.64
211	288389.8958	599148.768	525.0028151	0.14	2.64
211	288389.6606	599148.767	523.5213736	1.021	2.64
211	288389.3455	599148.767	521.5463455	1.1685	2.64
211	288389.0293	599148.766	519.5715006	1.6155	2.64
211	288388.7135	599148.765	517.5965926	0.51	2.64
211	288388.3992	599148.765	515.6214328	0.015	2.64
211	288388.085	599148.764	513.646273	0.05	2.64
211	288387.7692	599148.764	511.6713594	1.065	2.64
211	288387.532	599148.763	510.1902443	0.03	2.64
211	288387.2942	599148.763	508.7092043	1.685	2.64
211	288386.9757	599148.763	506.734729	2.695	2.64
211	288386.736	599148.763	505.2540072	2.16	2.64
211	288386.496	599148.763	503.7733375	1.25	2.64
211	288386.2551	599148.763	502.2928082	1.27	2.64
212	288472.9	599150.81	420.76	0.5405	2.64
212	288472.9	599150.81	418.76	0.424	2.64
213	288548.6324	599179.817	380.501953	1.489	2.64
214	288455.4697	599073.965	474.0464781	3.5855	2.64
214	288455.4211	599073.928	472.0474173	1.3885	2.64
214	288455.3758	599073.893	470.0482519	0.6395	2.64
214	288455.3338	599073.858	468.0489834	0.5035	2.64
214	288455.293	599073.822	466.0497108	1.2205	2.64
214	288455.2621	599073.793	464.5503119	1.935	2.64
214	288455.1435	599073.667	459.0530836	1.2845	2.64
214	288455.0988	599073.614	457.0542668	0.321	2.64
215	288535.84	599002.255	436.9477748	0.1915	2.64
215	288535.85	599002.279	435.4479996	0.54	2.64
215	288535.8574	599002.294	434.4481496	1.32	2.64
215	288535.8696	599002.317	432.9483752	2.0555	2.64
215	288535.8873	599002.347	430.9486752	2.131	2.64
215	288535.9069	599002.375	428.9489757	2.558	2.64
215	288535.9294	599002.404	426.949288	0.6315	2.64
215	288535.9572	599002.435	424.9497094	0.4605	2.64
215	288535.9817	599002.46	423.4501358	2.276	2.64
216	288440.4495	599050.101	498.3045245	1.5495	2.64
216	288439.9266	599050.103	496.3740832	1.4995	2.64
216	288439.4021	599050.104	494.4440911	1.385	2.64
216	288439.0082	599050.104	492.996738	1.727	2.64
216	288438.6144	599050.103	491.5493649	1.4375	2.64
216	288438.2206	599050.101	490.1019804	1.394	2.64
216	288437.8268	599050.101	488.6545987	2.2655	2.64
216	288436.6446	599050.099	484.3126543	2.758	2.64
217	288452.574	599050.304	483.9684625	2.544	2.64
217	288452.5316	599050.317	481.968953	1.381	2.64
217	288452.4881	599050.336	479.9695333	1.182	2.64
217	288452.4436	599050.361	477.9702086	0.439	2.64
217	288452.3979	599050.392	475.97097	1.139	2.64
217	288452.1965	599050.53	467.9746942	1.5655	2.64
217	288452.1403	599050.562	465.9757429	0.668	2.64
217	288452.0821	599050.593	463.976833	1.32	2.64
217	288452.0226	599050.624	461.9779544	1.32	2.64
217	288451.9621	599050.655	459.9791005	0.429	2.64
217	288451.9008	599050.685	457.9802706	2.175	2.64
218	288439.0628	598956.734	469.9046127	0.732	2.64
218	288438.3584	598956.731	468.0327998	0.8165	2.64
218	288437.8276	598956.728	466.6298501	0.293	2.64
219	288372.0902	599356.25	505.0391146	1.55	2.64
219	288372.4718	599356.25	503.0758603	1.96	2.64
219	288372.8534	599356.25	501.1126059	0.33	2.64
219	288373.235	599356.25	499.1493515	0.055	2.64
219	288373.6166	599356.25	497.1860972	0.05	2.64
219	288373.9982	599356.25	495.2228428	0.3	2.64
219	288374.3799	599356.25	493.2595884	0.755	2.64
219	288374.7615	599356.25	491.2963341	0.45	2.64
219	288375.1431	599356.25	489.3330797	0.87	2.64
219	288375.5247	599356.25	487.3698253	2.38	2.64
219	288375.9063	599356.25	485.406571	2.47	2.64
219	288376.288	599356.25	483.4433166	2.57	2.64
219	288376.5742	599356.25	481.9708758	2.85	2.64
219	288376.765	599356.25	480.9892486	1.35	2.64
219	288377.242	599356.25	478.5351807	0.035	2.64
219	288377.5282	599356.25	477.0627399	0.24	2.64
219	288377.8144	599356.25	475.5902991	3.37	2.64
219	288378.196	599356.25	473.6270448	2.955	2.64
219	288378.5777	599356.25	471.6637904	2.71	2.64
219	288378.9593	599356.25	469.700536	1.28	2.64
219	288379.3409	599356.25	467.7372817	0.24	2.64
219	288379.7225	599356.25	465.7740273	0.78	2.64
219	288380.1041	599356.25	463.8107729	1.4	2.64
219	288380.4858	599356.25	461.8475186	0.87	2.64
219	288380.8674	599356.25	459.8842642	1.675	2.64
219	288381.249	599356.25	457.9210098	1.22	2.64
219	288381.6306	599356.25	455.9577555	1.29	2.64
219	288382.0122	599356.25	453.9945011	1.46	2.64
219	288382.3938	599356.25	452.0312467	1.44	2.64
219	288382.7755	599356.25	450.0679924	1.26	2.64
219	288383.1571	599356.25	448.104738	1.485	2.64
219	288383.5387	599356.25	446.1414836	1.42	2.64
219	288383.9203	599356.25	444.1782293	0.085	2.64
219	288384.3019	599356.25	442.2149749	0.175	2.64
219	288384.6836	599356.25	440.2517205	1.79	2.64
219	288385.0652	599356.25	438.2884662	1.3	2.64
219	288385.4468	599356.25	436.3252118	1.215	2.64
219	288385.8284	599356.25	434.3619574	1.305	2.64
219	288386.21	599356.25	432.3987031	1.135	2.64
219	288386.5916	599356.25	430.4354487	1.405	2.64
219	288386.9733	599356.25	428.4721943	2.275	2.64
219	288387.3549	599356.25	426.50894	0.06	2.64
219	288387.7365	599356.25	424.5456856	0.015	2.64
220	288409.7735	599322.833	444.4234067	0.31	2.64
220	288410.3311	599322.485	443.0752157	1.8	2.64
220	288411.0746	599322.02	441.2776276	0.9	2.64
220	288411.8181	599321.556	439.4800395	1.375	2.64
220	288412.5617	599321.091	437.6824514	0.1	2.64
220	288413.3052	599320.626	435.8848633	0.15	2.64
220	288414.0487	599320.162	434.0872752	0.05	2.64
220	288414.7922	599319.697	432.2896871	1.95	2.64
220	288415.5357	599319.233	430.492099	2.91	2.64
220	288416.2793	599318.768	428.6945109	3.14	2.64
220	288416.8369	599318.419	427.3463199	3.72	2.64
220	288417.3945	599318.071	425.9981288	0.9	2.64
220	288418.1381	599317.606	424.2005407	0.03	2.64
220	288418.8816	599317.142	422.4029526	1.285	2.64
220	288419.6251	599316.677	420.6053645	1.935	2.64
220	288420.3686	599316.213	418.8077764	3.46	2.64
220	288421.1121	599315.748	417.0101883	2.4	2.64
220	288421.8556	599315.283	415.2126002	0.725	2.64
220	288422.5992	599314.819	413.4150121	0.05	2.64
220	288423.3427	599314.354	411.617424	0.015	2.64
221	288330.83	599299.96	560.49	0.825	2.64
221	288330.83	599299.96	558.99	0.45	2.64
222	288370.05	599310.57	507.75	1.205	2.64
222	288370.05	599310.57	506.25	0.09	2.64
222	288370.05	599310.57	498.75	0.14	2.64
222	288370.05	599310.57	496.75	0.255	2.64
222	288370.05	599310.57	495.25	1.11	2.64
222	288370.05	599310.57	494.25	1.29	2.64
222	288370.05	599310.57	492.75	0.51	2.64
222	288370.05	599310.57	490.75	0.285	2.64
222	288370.05	599310.57	488.75	0.33	2.64
222	288370.05	599310.57	486.75	1.2	2.64
222	288370.05	599310.57	484.75	1.085	2.64
222	288370.05	599310.57	482.75	0.17	2.64
222	288370.05	599310.57	481.25	0.09	2.64
223	288393.3094	599297.72	480.6368861	0.52	2.64
223	288392.4491	599297.72	479.408158	2.38	2.64
223	288391.3019	599297.72	477.7698539	1.985	2.64
223	288390.1548	599297.72	476.1315498	2.92	2.64
223	288389.0076	599297.72	474.4932457	2.375	2.64
223	288387.8604	599297.72	472.8549417	2.84	2.64
223	288386.7133	599297.72	471.2166376	2.13	2.64
223	288385.5661	599297.72	469.5783335	2.805	2.64
223	288384.419	599297.72	467.9400294	2.365	2.64
223	288383.2718	599297.72	466.3017253	2.31	2.64
223	288382.1247	599297.72	464.6634212	2.075	2.64
223	288380.9775	599297.72	463.0251171	0.99	2.64
223	288379.8304	599297.72	461.386813	1.715	2.64
223	288378.97	599297.72	460.158085	1.57	2.64
224	288403.8119	599297.68	464.5895432	1.61	2.64
224	288403.2272	599297.68	462.6769337	1.555	2.64
224	288402.6424	599297.68	460.7643242	0.765	2.64
224	288402.0577	599297.68	458.8517146	0.345	2.64
224	288401.473	599297.68	456.9391051	1.115	2.64
224	288400.8882	599297.68	455.0264956	2.075	2.64
224	288400.3035	599297.68	453.1138861	1.705	2.64
224	288399.7187	599297.68	451.2012766	2.47	2.64
224	288399.134	599297.68	449.2886671	2.65	2.64
224	288398.5492	599297.68	447.3760576	1.46	2.64
224	288397.9645	599297.68	445.4634481	1.385	2.64
224	288397.3798	599297.68	443.5508386	2.365	2.64
224	288396.795	599297.68	441.638229	1.33	2.64
224	288396.2103	599297.68	439.7256195	1.435	2.64
224	288395.7717	599297.68	438.2911624	0.31	2.64
225	288420.48	599297.76	438.25	2.14	2.64
225	288420.48	599297.76	436.25	2.55	2.64
225	288420.48	599297.76	434.25	1.51	2.64
225	288420.48	599297.76	432.25	0.045	2.64
225	288420.48	599297.76	429.25	0.445	2.64
225	288420.48	599297.76	427.25	2.405	2.64
225	288420.48	599297.76	425.25	0.68	2.64
225	288420.48	599297.76	423.25	0.25	2.64
225	288420.48	599297.76	421.25	0.58	2.64
225	288420.48	599297.76	419.25	0.035	2.64
225	288420.48	599297.76	417.25	0.525	2.64
225	288420.48	599297.76	415.25	2.155	2.64
225	288420.48	599297.76	413.25	2.75	2.64
225	288420.48	599297.76	411.25	3.105	2.64
225	288420.48	599297.76	409.25	1.725	2.64
225	288420.48	599297.76	407.25	0.18	2.64
226	288358.3739	599242.26	522.1152104	0.635	2.64
226	288358.7898	599242.26	520.1589152	1.03	2.64
